1 0.1073175793 0.994067797 -0.0176678294 -1666.606118 0.9941638033 -0.1070972217 0.0129814221 -1974.702919 0.0110122383 -0.0189578513 -0.9997596364 117.5588638
2 0.118249588 0.9928246149 -0.0177853606 -1666.566621 0.9929395912 -0.1180561322 0.0115636454 -1974.329743 0.0093810009 -0.019027185 -0.9997749562 117.5664789
3 0.1312792209 0.991211896 -0.0162709383 -1666.524066 0.9912978788 -0.1310944816 0.011947899 -1973.957204 0.0097098694 -0.0176978575 -0.9997962314 117.5718402
4 0.1468813179 0.9890538139 -0.0140865774 -1666.476484 0.9890964287 -0.146704047 0.0128909816 -1973.583165 0.0106833166 -0.0158264277 -0.9998176788 117.5735935
5 0.1652581325 0.9861709716 -0.0125125704 -1666.422881 0.9861838147 -0.1650863194 0.0137109701 -1973.208006 0.0114557065 -0.0146055437 -0.9998277076 117.5745678
6 0.1847678387 0.9826863539 -0.0137250033 -1666.358274 0.982716982 -0.1845766786 0.0140990439 -1972.830443 0.0113216225 -0.0160928436 -0.9998064019 117.5786669
7 0.2034243739 0.9790186641 -0.0118734774 -1666.285805 0.9790189496 -0.2032477431 0.0145688456 -1972.452448 0.0118499143 -0.0145880177 -0.999823369 117.5821827
8 0.2223611535 0.9749093288 -0.0103594445 -1666.208837 0.9748768092 -0.2221862335 0.0157633937 -1972.071056 0.0130661536 -0.0136043486 -0.9998220828 117.5845341
9 0.2414056783 0.9703742677 -0.0098528733 -1666.119949 0.970311061 -0.2412099751 0.0177254824 -1971.687322 0.0148237407 -0.0138393841 -0.9997943429 117.5861821
10 0.2602479571 0.9654909963 -0.0099064074 -1666.020394 0.9654161379 -0.2600348498 0.0188031284 -1971.298031 0.01557824 -0.0144572813 -0.9997741272 117.58883
11 0.278676574 0.9603287091 -0.010398926 -1665.91173 0.9602628662 -0.2784521106 0.0189644382 -1970.901734 0.0153164915 -0.0152706472 -0.9997660789 117.5925062
12 0.2968705584 0.9548507255 -0.0113120954 -1665.792728 0.9548148094 -0.2966438133 0.0181969162 -1970.499395 0.0140196755 -0.0162030848 -0.999770428 117.5975786
13 0.314713943 0.9490650459 -0.0151879106 -1665.659294 0.9491057696 -0.3144380971 0.0180809629 -1970.09212 0.0123843521 -0.0201052647 -0.9997211642 117.6024877
14 0.3318249666 0.943253726 -0.0128296529 -1665.52196 0.9432691306 -0.3316011629 0.0168527767 -1969.677684 0.0116421166 -0.0176939876 -0.9997756668 117.6053429
15 0.348570327 0.9372118189 -0.0115210129 -1665.37599 0.937219303 -0.3483775597 0.0159076703 -1969.25652 0.0108951942 -0.0163426575 -0.9998070875 117.6114736
16 0.3653068976 0.9308336169 -0.0099823941 -1665.219515 0.9308331015 -0.3651491408 0.0146915671 -1968.830229 0.0100303419 -0.0146588737 -0.9998422424 117.6188413
17 0.3823315072 0.9239925395 -0.0077721017 -1665.052484 0.9239669338 -0.3821993866 0.0144476342 -1968.399718 0.0103790137 -0.0127049508 -0.9998654211 117.6231867
18 0.3993767846 0.916766505 -0.0061122142 -1664.873704 0.9167064483 -0.3992445598 0.0159081446 -1967.965941 0.0121437859 -0.0119564498 -0.9998547753 117.6231316
19 0.4162146032 0.9092428222 -0.0065493843 -1664.679341 0.909163446 -0.4160482809 0.0180459529 -1967.529245 0.013683293 -0.0134654499 -0.9998157076 117.6213695
20 0.433448433 0.9011434789 -0.0079300975 -1664.471989 0.9010623334 -0.4332346323 0.0198601269 -1967.088331 0.0144612309 -0.015753853 -0.9997713183 117.6216872
21 0.450775188 0.8925866168 -0.0095321252 -1664.254471 0.8925520368 -0.450558547 0.0186509327 -1966.639834 0.0123527924 -0.0169152954 -0.9997806166 117.6273935
22 0.4675048435 0.8839356404 -0.0098491047 -1664.025239 0.8839493483 -0.4673465404 0.0148580245 -1966.186498 0.0085305924 -0.0156523081 -0.9998411045 117.6345
23 0.4841799049 0.8749152009 -0.0096545845 -1663.785997 0.874959367 -0.4840950659 0.0099031978 -1965.728165 0.0039907216 -0.0132422985 -0.9999043533 117.6409123
24 0.4996131016 0.8662059537 -0.0086020013 -1663.535602 0.866247291 -0.4995699927 0.0067418954 -1965.26916 0.0015425681 -0.0108197996 -0.9999402744 117.6457103
25 0.512736776 0.8584909817 -0.0097073611 -1663.269472 0.8585458528 -0.5127057222 0.0056445596 -1964.810922 -0.0001312161 -0.0112283879 -0.9999369511 117.6492244
26 0.5233200944 0.8520392088 -0.0128555623 -1662.989297 0.8521343512 -0.5232907146 0.0058202651 -1964.35217 -0.0017681023 -0.014000528 -0.9999004246 117.6505189
27 0.5313453681 0.8470425631 -0.0138201317 -1662.701178 0.8471485544 -0.5313355242 0.0046784052 -1963.888427 -0.0033803186 -0.0141935535 -0.9998935526 117.6452444
28 0.538829642 0.8422979766 -0.0140262454 -1662.405941 0.842396138 -0.5388537317 0.0023243319 -1963.417048 -0.0056003146 -0.0130680739 -0.9998989259 117.6409383
29 0.5466045463 0.8372921284 -0.0128593027 -1662.104295 0.8373614436 -0.5466496251 1.11876e-05 -1962.938367 -0.0070201657 -0.0107739994 -0.9999173157 117.6391708
30 0.5536472824 0.8326457607 -0.0132560912 -1661.790757 0.8326988058 -0.5537209441 -0.0024114073 -1962.457341 -0.0093480234 -0.0097032623 -0.9999092265 117.6382852
31 0.559197895 0.8289279025 -0.0132757932 -1661.467493 0.8289963178 -0.5592537342 -0.0006047832 -1961.975679 -0.0079258586 -0.0106673902 -0.9999116899 117.6326107
32 0.5631271983 0.826277928 -0.0123508748 -1661.13748 0.8263555477 -0.5631433903 0.0024557534 -1961.49011 -0.0049261787 -0.0115891155 -0.9999207094 117.621392
33 0.5656249448 0.82458843 -0.0110608745 -1660.799499 0.8246594808 -0.5656088732 0.0048314931 -1960.995989 -0.0022721355 -0.011854268 -0.9999271542 117.6109086
34 0.5675379069 0.8232775578 -0.0107138697 -1660.452731 0.8233466158 -0.5675057882 0.0061262237 -1960.493471 -0.0010366006 -0.0122980925 -0.9999238383 117.60364
35 0.5691298658 0.8221727889 -0.0110950894 -1660.100752 0.8222472068 -0.5690917351 0.0066428914 -1959.98405 -0.0008525192 -0.0129035742 -0.999916382 117.6000505
36 0.5700568671 0.8215265257 -0.0113725893 -1659.743684 0.8216052189 -0.5700052788 0.0076711418 -1959.468254 -0.0001803895 -0.0137167658 -0.9999059045 117.5980473
37 0.5701055277 0.821485499 -0.0118853769 -1659.379244 0.8215714739 -0.5700463174 0.0082164066 -1958.945483 -2.55564e-05 -0.0144489054 -0.9998956088 117.5956412
38 0.5696136606 0.8218171791 -0.0125220536 -1659.01183 0.8219123697 -0.5695366916 0.0093815529 -1958.417878 0.0005781524 -0.0156358914 -0.9998775848 117.593017
39 0.5684464947 0.8226226466 -0.0126713843 -1658.640829 0.8227201373 -0.5683715544 0.0092385993 -1957.881811 0.0003978267 -0.0156766524 -0.9998770346 117.5890204
40 0.5667100432 0.8238093659 -0.01333625 -1658.267589 0.8239173024 -0.566634302 0.0092653432 -1957.340957 7.60998e-05 -0.0162387301 -0.9998681402 117.588472
41 0.564650433 0.8252083587 -0.0141793274 -1657.891035 0.8253301552 -0.5645702722 0.0095153909 -1956.795233 -0.0001530466 -0.0170754961 -0.9998541914 117.5874518
42 0.5625959327 0.8266004518 -0.0147482075 -1657.512581 0.8267319858 -0.5625020669 0.0102785418 -1956.243458 0.0002003501 -0.0179754807 -0.9998384079 117.5862569
43 0.5600986704 0.8283004464 -0.0144170023 -1657.132156 0.8284256943 -0.5600013042 0.0104598426 -1955.684912 0.0005903521 -0.0178019591 -0.9998413583 117.5830513
44 0.5573905334 0.8301126573 -0.0151251236 -1656.749117 0.8302493255 -0.5572674336 0.0117925801 -1955.119076 0.0013604312 -0.0191306962 -0.9998160659 117.5801897
45 0.554192014 0.8322227572 -0.0166281089 -1656.362138 0.8323887962 -0.5540736588 0.0114574245 -1954.545115 0.0003219322 -0.0201906647 -0.9997960959 117.5775834
46 0.5510019847 0.8343378694 -0.0166472984 -1655.974354 0.8345032443 -0.5509174975 0.0097080504 -1953.960689 -0.0010714939 -0.0192413796 -0.9998142934 117.5772386
47 0.5482250454 0.8361851796 -0.0156091303 -1655.58631 0.836329832 -0.548158079 0.0086678989 -1953.367494 -0.0013083023 -0.0178063406 -0.9998405986 117.5769632
48 0.5455789112 0.8379256489 -0.014975265 -1655.195201 0.8380573679 -0.5455303312 0.0075170318 -1952.768317 -0.0018707475 -0.0166512652 -0.999859608 117.5747469
49 0.5437155385 0.8391426789 -0.0145937518 -1654.800946 0.8392669283 -0.543675259 0.0069452009 -1952.162784 -0.0021062474 -0.0160242669 -0.9998693848 117.5699255
50 0.5433116417 0.8394122147 -0.0141277637 -1654.406928 0.8395231383 -0.5433028248 0.0047896573 -1951.549305 -0.0036551571 -0.0144628611 -0.9998887265 117.5649576
51 0.5436897658 0.8391847595 -0.0130528944 -1654.011072 0.8392761258 -0.5436938956 0.0035401522 -1950.932807 -0.0041259372 -0.0128797271 -0.9999085405 117.562745
52 0.544335514 0.8387798772 -0.0121311906 -1653.61014 0.83886108 -0.5443313736 0.0039299065 -1950.313989 -0.0033070612 -0.0123155713 -0.9999186917 117.561179
53 0.5451982986 0.8382315233 -0.0112573804 -1653.205937 0.8383040557 -0.5451834161 0.0046209233 -1949.690113 -0.0022639335 -0.0119564271 -0.9999259565 117.5559005
54 0.5461648987 0.8376091073 -0.0107185242 -1652.79937 0.8376776608 -0.5461232245 0.0067498306 -1949.06688 -0.0001999154 -0.0126651888 -0.9999197733 117.5496859
55 0.547042514 0.837048255 -0.0097317325 -1652.391005 0.8371045736 -0.5469963736 0.0071344329 -1948.439894 0.0006486422 -0.0120493159 -0.999927194 117.5470085
56 0.5481535555 0.8363280747 -0.0091121354 -1651.981519 0.8363776342 -0.5481162271 0.0064073873 -1947.809471 0.0003641686 -0.0111334184 -0.9999379553 117.544434
57 0.549171081 0.8356583917 -0.0092831078 -1651.569969 0.8357090833 -0.5491526437 0.0046585279 -1947.178135 -0.0012049053 -0.0103163063 -0.9999460596 117.5432644
58 0.5503604142 0.8348483481 -0.011473891 -1651.153347 0.8349226712 -0.5503506825 0.0042730934 -1946.547921 -0.0027472788 -0.0119315532 -0.9999250424 117.5441454
59 0.5514650994 0.8341232112 -0.0111674882 -1650.737332 0.8341952456 -0.5514480647 0.0048295101 -1945.91677 -0.0021298832 -0.0119791718 -0.9999259788 117.5438847
60 0.5526725126 0.8333063366 -0.0123952919 -1650.319571 0.8333961495 -0.5526452854 0.0058349366 -1945.284892 -0.00198791 -0.0135549976 -0.9999061507 117.5427285
61 0.5533633841 0.8328218287 -0.0140273569 -1649.897091 0.8329364727 -0.553331279 0.0064287011 -1944.651755 -0.0024078127 -0.015241305 -0.9998809454 117.5394798
62 0.5539200162 0.8323898326 -0.0173142235 -1649.471493 0.8325478743 -0.5539368041 0.0042490137 -1944.016015 -0.0060541498 -0.0167685338 -0.9998410691 117.5395179
63 0.5543470694 0.8320735804 -0.0187851922 -1649.046819 0.8322641697 -0.5543535621 0.0053366618 -1943.382508 -0.0059731429 -0.0185926052 -0.9998093001 117.5392856
64 0.5545573102 0.8319477893 -0.0181401649 -1648.62265 0.8321394642 -0.5545047465 0.0082703235 -1942.749146 -0.0031783302 -0.0196815154 -0.9998012483 117.5356736
65 0.5551256058 0.8316071161 -0.0162839257 -1648.197919 0.8317648179 -0.5549783365 0.0128970439 -1942.113252 0.0016880475 -0.0207038759 -0.9997842267 117.5279666
66 0.5556092336 0.8313083948 -0.0149910726 -1647.770552 0.8314384851 -0.5554525864 0.0135081412 -1941.472555 0.0029026012 -0.0199694027 -0.9997963782 117.5205492
67 0.5560537595 0.8309890228 -0.0161697385 -1647.339453 0.8311459179 -0.5559675447 0.0098261141 -1940.82618 -0.0008244569 -0.0189032598 -0.9998209775 117.5237297
68 0.5566300456 0.830568057 -0.0178800153 -1646.906982 0.8307505549 -0.5565997146 0.0070903632 -1940.178415 -0.0040629822 -0.0188005418 -0.9998149988 117.5292787
69 0.5570517041 0.8302893518 -0.01769156 -1646.473133 0.8304656438 -0.5570324571 0.0064541675 -1939.531787 -0.0044959466 -0.0182875378 -0.9998226605 117.5291151
70 0.5576042969 0.8299567848 -0.0157855433 -1646.039494 0.8301005902 -0.5575733205 0.0067083863 -1938.882097 -0.0032339271 -0.0168442139 -0.9998528963 117.5230187
71 0.5581395016 0.8296143745 -0.0148420495 -1645.604585 0.8297368409 -0.5581323563 0.0050047783 -1938.230195 -0.004131792 -0.0151083598 -0.9998773254 117.5181881
72 0.5586658572 0.8292342677 -0.0162169421 -1645.165741 0.8293692451 -0.5586906161 0.0033838883 -1937.575796 -0.0062542172 -0.0153402959 -0.9998627706 117.5186768
73 0.5591396319 0.8288920198 -0.017346226 -1644.721153 0.8290413209 -0.5591798821 0.0028892233 -1936.9201 -0.0073048065 -0.0159962174 -0.9998453685 117.5166589
74 0.5596605363 0.828568921 -0.0159256764 -1644.277549 0.8287031464 -0.5596739671 0.0040181857 -1936.262415 -0.0055838427 -0.0154464781 -0.9998651044 117.5107321
75 0.5600329926 0.828365 -0.0132088601 -1643.835463 0.8284702853 -0.5599653186 0.0087079455 -1935.608622 -0.0001831463 -0.0158198848 -0.999874841 117.5026726
76 0.5596547243 0.8286559086 -0.010769153 -1643.390738 0.8287023267 -0.5594935832 0.0148116177 -1934.954545 0.0062484625 -0.0172138139 -0.9998323066 117.4959563
77 0.5585150604 0.8294286379 -0.0104432749 -1642.940864 0.8294224214 -0.558256516 0.0202017157 -1934.297893 0.0109258553 -0.0199448488 -0.9997413809 117.4923259
78 0.556942882 0.8304917674 -0.0099020452 -1642.492899 0.8304662059 -0.5566764247 0.0209102609 -1933.636745 0.0118535644 -0.0198691349 -0.9997323194 117.496004
79 0.5553506719 0.8315512023 -0.0104033212 -1642.044812 0.8315820366 -0.5551708345 0.0160206395 -1932.965834 0.0075463615 -0.0175482879 -0.9998175384 117.5056267
80 0.5538321002 0.8325347472 -0.0124859733 -1641.594435 0.8326235101 -0.5537153491 0.011721883 -1932.290642 0.0028451998 -0.01688807 -0.9998533382 117.5162464
81 0.5522685191 0.8335391826 -0.0145572647 -1641.145781 0.83366395 -0.5522241373 0.0072746561 -1931.612876 -0.001975162 -0.0161534304 -0.9998675739 117.5229013
82 0.5511885073 0.8342532971 -0.0145830642 -1640.698067 0.834372376 -0.551177072 0.0051549417 -1930.932815 -0.0037373235 -0.0150090506 -0.9998803733 117.5254633
83 0.5502372105 0.834898463 -0.0135487523 -1640.250753 0.8350006426 -0.5502295663 0.0046207314 -1930.251949 -0.0035970825 -0.0138557152 -0.9998975348 117.5220488
84 0.5492304459 0.8355769621 -0.0125322674 -1639.803436 0.8356670244 -0.549212008 0.0051763466 -1929.568509 -0.0025576358 -0.0133158097 -0.9999080696 117.5158332
85 0.5484703781 0.8360727669 -0.0127504079 -1639.352447 0.8361639047 -0.5484607741 0.0045501275 -1928.883126 -0.0031888609 -0.013157041 -0.9999083575 117.510659
86 0.5491121137 0.835688468 -0.0100334999 -1638.903002 0.8357401424 -0.5491212426 0.0020676861 -1928.191713 -0.0037816665 -0.0095207901 -0.9999475254 117.5069629
87 0.5516171745 0.8340825852 -0.0049733162 -1638.455443 0.8340958433 -0.5516178956 0.0013495908 -1927.496139 -0.0016177 -0.0048926798 -0.9999867223 117.5051835
88 0.5543004086 0.832307081 -0.0039974912 -1638.000032 0.8323151492 -0.5542837819 0.0045805624 -1926.804122 0.00159669 -0.0058661801 -0.9999815191 117.4993586
89 0.5564029355 0.8309002195 -0.0045385586 -1637.534767 0.8309068275 -0.5563703738 0.0067713541 -1926.109562 0.0031012 -0.0075387206 -0.9999667746 117.4948263
90 0.5587513575 0.8293084339 -0.0066664767 -1637.068486 0.8293310603 -0.5587559814 0.0013212252 -1925.407756 -0.0026292305 -0.0062669525 -0.999976906 117.4962718
91 0.5608321306 0.8278798138 -0.0090738769 -1636.596365 0.8279088006 -0.5608619715 -0.0009310256 -1924.704882 -0.0058599698 -0.0069901935 -0.9999583981 117.5038524
92 0.5622745505 0.8268884966 -0.0101362744 -1636.120755 0.8269224938 -0.5623142825 -0.0013553423 -1924.002813 -0.0068204888 -0.0076198388 -0.9999477081 117.5011177
93 0.5638046043 0.8258653192 -0.0084168079 -1635.644132 0.8259022296 -0.563810021 0.0019409721 -1923.30454 -0.0031424991 -0.0080457895 -0.9999626943 117.4908843
94 0.5653474593 0.8248159265 -0.0078062577 -1635.163542 0.8248492999 -0.5653475253 0.0024099969 -1922.60171 -0.0024254446 -0.0078014718 -0.9999666266 117.4853376
95 0.5669671672 0.8237136389 -0.0066386986 -1634.682796 0.8237345336 -0.5669751147 0.0007983731 -1921.896091 -0.0031063461 -0.0059211766 -0.9999776449 117.4834701
96 0.5684159708 0.8227237959 -0.0053702673 -1634.199825 0.8227333639 -0.5684270738 -0.0006882476 -1921.1872 -0.003618843 -0.0040270872 -0.9999853432 117.4799215
97 0.5694516621 0.8220061833 -0.0055352593 -1633.712184 0.8220148619 -0.569464998 -0.0010876011 -1920.479286 -0.0040461512 -0.0039307291 -0.9999840889 117.477109
98 0.5703088163 0.8214145825 -0.0050928965 -1633.220209 0.8214244368 -0.5703173015 -0.000265041 -1919.77002 -0.0031222756 -0.0040322744 -0.999986996 117.4715357
99 0.5711232153 0.8208491159 -0.0050001829 -1632.727747 0.8208593254 -0.5711304296 -1.81963e-05 -1919.060697 -0.0028706931 -0.0040940544 -0.9999874988 117.4674577
100 0.5720854531 0.820175846 -0.0054604058 -1632.231636 0.8201883371 -0.5720935976 8.535e-05 -1918.348552 -0.0030538613 -0.0045273887 -0.9999850882 117.4643471
101 0.5727726162 0.8197023294 -0.0044295941 -1631.732811 0.8197114444 -0.5727765179 0.0004566085 -1917.636022 -0.0021628844 -0.0038925218 -0.9999900851 117.4621153
102 0.5735966915 0.819128263 -0.0039653805 -1631.232467 0.8191361973 -0.5735985625 0.0007611974 -1916.915255 -0.0016510182 -0.003684807 -0.9999918481 117.4594282
103 0.5741702765 0.8187209473 -0.0049501535 -1630.725687 0.8187340629 -0.5741713351 0.0013461991 -1916.194594 -0.0017400748 -0.0048258068 -0.9999868418 117.4555759
104 0.574777982 0.8182842419 -0.0064164565 -1630.216331 0.8183057838 -0.574781079 0.001534728 -1915.471683 -0.002432214 -0.0061327514 -0.9999782366 117.4556651
105 0.5755547718 0.8176956075 -0.0105165661 -1629.7026 0.8177472353 -0.5755763573 0.0011471646 -1914.744271 -0.0051150554 -0.009260149 -0.9999440414 117.4561379
106 0.5759167574 0.8174411738 -0.0104793064 -1629.188813 0.8174914919 -0.5759398705 0.00096242 -1914.015071 -0.0052487287 -0.0091210177 -0.9999446274 117.4535982
107 0.5765497192 0.8170111703 -0.0091196966 -1628.675333 0.8170588563 -0.5765428294 0.0036319649 -1913.286013 -0.0022905398 -0.0095453373 -0.9999518188 117.4506713
108 0.5765779596 0.8169919527 -0.009055701 -1628.156181 0.8170416028 -0.576529471 0.0075357997 -1912.55624 0.0009358092 -0.0117438605 -0.9999306006 117.4440586
109 0.57645874 0.8170750477 -0.0091480892 -1627.636585 0.8171262293 -0.5764196376 0.0067176532 -1911.819191 0.0002156885 -0.0113475935 -0.9999355907 117.438862
110 0.5767000206 0.8168853525 -0.0107427718 -1627.114571 0.816941466 -0.5767183128 0.0016213707 -1911.073087 -0.0048710792 -0.0097112602 -0.9999409803 117.4410506
111 0.5767908507 0.8168090428 -0.0116319455 -1626.592973 0.8168571336 -0.5768391534 -0.0010071984 -1910.328274 -0.0075324503 -0.0089206948 -0.9999318394 117.4420502
112 0.5769362084 0.8167368439 -0.0092487404 -1626.071781 0.8167824914 -0.576940399 0.0024774301 -1909.585337 -0.0033125635 -0.0089835284 -0.9999541605 117.4336512
113 0.5769988602 0.8167151732 -0.0069743233 -1625.546839 0.8167449485 -0.5769785142 0.0048459499 -1908.840401 -6.62739e-05 -0.0084923509 -0.9999639371 117.4229534
114 0.5774751615 0.8163642384 -0.0084775068 -1625.017478 0.8164066242 -0.5774636254 0.0039981622 -1908.088873 -0.0016314951 -0.0092299321 -0.9999560723 117.4202688
115 0.5777688399 0.8160897788 -0.0134402625 -1624.482913 0.8161661157 -0.5778172322 0.0003431977 -1907.332647 -0.0074859351 -0.0111677758 -0.9999096167 117.4233871
116 0.5780963941 0.8158573138 -0.0134685828 -1623.951482 0.8159277501 -0.5781537041 -0.000448285 -1906.579522 -0.0081526476 -0.0107302385 -0.999909194 117.4215007
117 0.5787318428 0.8154686012 -0.008967419 -1623.422587 0.8155172916 -0.5787099103 0.0051368058 -1905.831788 -0.0010006304 -0.0102859183 -0.9999465979 117.4133741
118 0.5788379508 0.8154206161 -0.0059871162 -1622.891137 0.8154178193 -0.5787475275 0.0120448921 -1905.084415 0.0063566247 -0.0118540419 -0.9999095334 117.4003328
119 0.5784879877 0.8156564319 -0.0074988809 -1622.352189 0.8156634141 -0.5783685742 0.0135272811 -1904.332189 0.0066964968 -0.0139419324 -0.9998803826 117.399342
120 0.5782110973 0.8158115467 -0.0111106822 -1621.81219 0.8158865959 -0.5781404471 0.0090931927 -1903.572419 0.0009947969 -0.0143228416 -0.999896928 117.411454
121 0.5778526713 0.8160414765 -0.0127514263 -1621.275115 0.8161407039 -0.5777971937 0.0080470091 -1902.813061 -0.0008010451 -0.0150569437 -0.9998863169 117.415395
122 0.5772885632 0.8164267417 -0.0136121386 -1620.737047 0.8165401888 -0.5772045148 0.0098523124 -1902.054106 0.0001867035 -0.0168024855 -0.9998588108 117.412388
123 0.5768372386 0.8167294949 -0.0145510232 -1620.197834 0.8168574278 -0.5767806413 0.0082482964 -1901.293918 -0.0016561216 -0.0166440359 -0.9998601069 117.4128633
124 0.5765192593 0.8169582234 -0.014311005 -1619.660473 0.8170797954 -0.5764813342 0.007062522 -1900.529508 -0.0024802418 -0.015764913 -0.9998726499 117.4145547
125 0.576003795 0.8173335446 -0.0136200238 -1619.125021 0.8174442062 -0.5759655611 0.0069743901 -1899.767122 -0.0021442616 -0.0151508848 -0.9998829196 117.4141433
126 0.5753810252 0.8177788304 -0.0132083465 -1618.59094 0.8178825293 -0.5753473647 0.0066013773 -1899.005917 -0.0022009207 -0.0146011831 -0.9998909748 117.4109712
127 0.5747690428 0.8181824016 -0.0147683796 -1618.054938 0.8183028354 -0.5747675201 0.0047715113 -1898.243869 -0.0045844184 -0.0148275239 -0.9998795566 117.410416
128 0.5740641061 0.8186425108 -0.0165783456 -1617.518016 0.8187780279 -0.5741036875 0.0027380598 -1897.479511 -0.0072761972 -0.015145807 -0.9998588208 117.4107975
129 0.5731654715 0.8192704411 -0.0166519269 -1616.985075 0.8194047371 -0.5732102857 0.0024176718 -1896.717574 -0.0075643287 -0.0150303938 -0.9998584241 117.4054988
130 0.5719294335 0.8201273384 -0.0169667865 -1616.451452 0.8202740197 -0.5719603351 0.0034507511 -1895.957084 -0.0068742736 -0.0158910003 -0.999850099 117.3992852
131 0.5705235125 0.8211572415 -0.0142725776 -1615.921402 0.8212747635 -0.5705020028 0.0059352951 -1895.196961 -0.0032687235 -0.0151079332 -0.9998805258 117.3914189
132 0.5694910715 0.8218770113 -0.0140747215 -1615.392526 0.8219954425 -0.5694446221 0.0075043204 -1894.436455 -0.001847146 -0.0158430004 -0.9998727856 117.3850162
133 0.5682227716 0.8227456208 -0.0145782476 -1614.863174 0.8228700271 -0.5681904498 0.0066731684 -1893.67547 -0.002792901 -0.0157878492 -0.9998714635 117.3817955
134 0.5671810394 0.8234750403 -0.0139472772 -1614.339236 0.8235879613 -0.567156219 0.0060574966 -1892.914322 -0.0029220877 -0.0149225068 -0.9998843834 117.3840245
135 0.5660875276 0.8242493659 -0.0125655855 -1613.817363 0.8243429441 -0.5659850596 0.0109372214 -1892.158482 0.0019030642 -0.0165497764 -0.999861232 117.3804236
136 0.5648019533 0.8251718228 -0.0094982369 -1613.298905 0.8251893307 -0.5646298915 0.0159891867 -1891.405073 0.0078308379 -0.0168685677 -0.9998270497 117.3726677
137 0.5638310516 0.8258531285 -0.0078201939 -1612.782882 0.825822322 -0.5636381147 0.0181540112 -1890.651118 0.0105847876 -0.0166938859 -0.9998046191 117.3740872
138 0.5627707294 0.826574149 -0.0080176292 -1612.266768 0.8265510149 -0.5625832244 0.0177069299 -1889.895749 0.0101255068 -0.0165919214 -0.9998110733 117.3853381
139 0.561747056 0.8272561739 -0.0093524248 -1611.750208 0.8272691673 -0.5615731053 0.016167014 -1889.13857 0.0081221919 -0.0168187452 -0.9998255647 117.3945529
140 0.5608126608 0.8278799785 -0.0101931668 -1611.236937 0.8279308064 -0.5606960182 0.0122700809 -1888.379836 0.0044428862 -0.0153204535 -0.9998727641 117.403412
141 0.5600694239 0.8283437379 -0.0129958543 -1610.720033 0.8284456299 -0.560005786 0.0084473578 -1887.620856 -0.0002804376 -0.0154974655 -0.9998798677 117.4139376
142 0.5593198595 0.8288001714 -0.0158609824 -1610.206906 0.8289417858 -0.5593052633 0.0057565848 -1886.861668 -0.0041000725 -0.0163676033 -0.9998576354 117.4181371
143 0.5587071926 0.8291840401 -0.0173234104 -1609.694688 0.8293466042 -0.5587119725 0.0050141592 -1886.10395 -0.005521136 -0.0171685584 -0.9998373656 117.4171768
144 0.5579293041 0.8297444837 -0.0154590887 -1609.187265 0.8298778027 -0.5579198162 0.0053208263 -1885.346826 -0.0042100056 -0.0157977995 -0.9998663438 117.4137346
145 0.5575092465 0.8300468542 -0.0143408493 -1608.680901 0.8301679828 -0.557468649 0.0070587336 -1884.58767 -0.0021354943 -0.0158406232 -0.999872249 117.4066037
146 0.5570528884 0.8303461265 -0.0147441431 -1608.169624 0.8304729088 -0.5570181922 0.0067439877 -1883.828099 -0.0026129119 -0.0160013693 -0.9998685558 117.4016053
147 0.5570821802 0.8303246795 -0.014844901 -1607.660286 0.8304445829 -0.5570837923 0.0044094271 -1883.064963 -0.0046085976 -0.0147842809 -0.9998800857 117.4015248
148 0.5573078753 0.830204272 -0.0129922626 -1607.152268 0.8302961033 -0.5573091667 0.0038566194 -1882.302185 -0.0040389251 -0.0129367494 -0.9999081596 117.4003404
149 0.5577890204 0.8299129926 -0.0107625979 -1606.643582 0.8299819045 -0.5577603297 0.0057838377 -1881.540425 -0.001202868 -0.0121589227 -0.9999253541 117.3938388
150 0.5587050632 0.8293177256 -0.0089867904 -1606.132833 0.8293663592 -0.5586682068 0.0064247101 -1880.776333 0.0003074919 -0.0110428597 -0.9999389785 117.3893965
151 0.5596061716 0.8287223715 -0.0077565234 -1605.619323 0.8287575355 -0.5595963804 0.0035830754 -1880.009313 -0.0013711477 -0.0084333883 -0.9999634983 117.3888181
152 0.560490895 0.8281279313 -0.0073543237 -1605.104172 0.8281570474 -0.5604923602 0.0020540192 -1879.242952 -0.0024210515 -0.007241794 -0.999970847 117.3905886
153 0.5610930226 0.8277240705 -0.0068907923 -1604.587245 0.8277432525 -0.561107025 -0.0001200476 -1878.475125 -0.0039658383 -0.005636449 -0.999976251 117.3885982
154 0.5617317208 0.8273061273 -0.0046952733 -1604.071827 0.8273143675 -0.5617391178 -0.0003174979 -1877.708081 -0.0029001866 -0.0037061185 -0.9999889267 117.3848251
155 0.5620678049 0.8270828692 -0.0037027288 -1603.555519 0.8270860278 -0.5620744536 -0.001005657 -1876.942117 -0.0029129709 -0.0024972278 -0.9999926392 117.3829385
156 0.5620333135 0.8271080748 -0.0032843621 -1603.035633 0.8271122845 -0.5620366992 -0.0001322395 -1876.177377 -0.0019553084 -0.0026422133 -0.9999945977 117.3801324
157 0.5617908564 0.8272693045 -0.0040659066 -1602.514519 0.8272730003 -0.5617989702 -0.0011402081 -1875.411975 -0.0032274813 -0.0027230563 -0.9999910841 117.3791168
158 0.5618562052 0.8272200452 -0.0049599866 -1601.994037 0.8272101216 -0.5618756876 -0.0043733697 -1874.64112 -0.006404635 -0.0016457462 -0.9999781358 117.3785235
159 0.5618776576 0.8272153001 -0.0028887915 -1601.476199 0.8271853509 -0.5618825838 -0.0072358301 -1873.869124 -0.007608751 0.0016760852 -0.9999696484 117.3762809
160 0.561942859 0.8271745167 0.0015944039 -1600.960907 0.8271572397 -0.5619160339 -0.0078276226 -1873.098414 -0.0055788889 0.0057174994 -0.9999680926 117.3691522
161 0.5620219201 0.8271125311 0.0040276919 -1600.443052 0.8271175511 -0.561995438 -0.0061387549 -1872.329159 -0.0028138967 0.0067814895 -0.9999730463 117.357367
162 0.562247753 0.8269611109 0.0035756589 -1599.921427 0.8269655257 -0.5622279996 -0.0052626768 -1871.560232 -0.0023416935 0.0059158749 -0.9999797592 117.3539029
163 0.5624147233 0.8268457259 0.0039780164 -1599.400927 0.8268494121 -0.5623860646 -0.0064779751 -1870.788174 -0.003119105 0.0069325291 -0.9999711052 117.3525667
164 0.5622325736 0.8269715899 0.0035387345 -1598.877686 0.8269781538 -0.5622200616 -0.0039667968 -1870.019819 -0.0012908808 0.0051567185 -0.9999858708 117.3520975
165 0.5616754138 0.8273554553 0.0019183729 -1598.353463 0.8273576076 -0.5616748206 -0.0008860228 -1869.251225 0.000344446 0.0020848377 -0.9999977674 117.3484372
166 0.5616870778 0.8273489073 0.0011883398 -1597.828836 0.827348967 -0.5616879491 0.0005784382 -1868.480137 0.0011460464 0.0006582704 -0.9999991266 117.3468081
167 0.5627031314 0.8266582866 0.0011239108 -1597.304895 0.8266576477 -0.5626991515 -0.0026073739 -1867.704198 -0.0015229836 0.002396267 -0.9999959692 117.3499393
168 0.5649706763 0.8251095061 0.0015613566 -1596.781537 0.8250998222 -0.5649521802 -0.0062703643 -1866.92694 -0.0042916453 0.004830847 -0.9999791221 117.3517066
169 0.5671264057 0.8236291687 0.0016224711 -1596.257006 0.8236000677 -0.5670871591 -0.0097510275 -1866.151319 -0.0071111482 0.0068663325 -0.9999511413 117.3515014
170 0.5689417022 0.822370728 0.0034242048 -1595.729874 0.8223554571 -0.568890542 -0.0097495331 -1865.38215 -0.0060697329 0.0083628295 -0.9999466093 117.348302
171 0.5709234698 0.8209903465 0.0046089627 -1595.202372 0.8209885237 -0.5708705476 -0.0092011847 -1864.614903 -0.0049229628 0.0090370778 -0.9999470464 117.3418507
172 0.5729106119 0.8195976785 0.0057511794 -1594.672655 0.8196118618 -0.5728654802 -0.0078445843 -1863.850203 -0.0031347509 0.0092079805 -0.9999526921 117.3349963
173 0.5748099506 0.818254501 0.0072864412 -1594.142995 0.8182840807 -0.5747616004 -0.007763119 -1863.087949 -0.0021642405 0.0104246969 -0.9999433193 117.3329408
174 0.5766579698 0.8169610378 0.0063441813 -1593.611335 0.8169816183 -0.5766132654 -0.007627415 -1862.325932 -0.0025731618 0.0095814892 -0.9999507857 117.3304493
175 0.5779867893 0.8160263862 0.0056752528 -1593.079328 0.8160389484 -0.5779385734 -0.0082121845 -1861.566052 -0.0034214118 0.0093777615 -0.9999501745 117.3306487
176 0.5794784112 0.8149747981 0.0045661094 -1592.546803 0.8149760727 -0.5794313426 -0.0085627186 -1860.811977 -0.004332653 0.0086831804 -0.9999529141 117.3308745
177 0.5807882038 0.814045682 0.0038327455 -1592.014117 0.8140388258 -0.5807410306 -0.0089802785 -1860.059242 -0.0050845243 0.0083356435 -0.9999523312 117.3285307
178 0.5820083733 0.8131760482 0.0033118192 -1591.481352 0.813161373 -0.5819586571 -0.0096282347 -1859.310303 -0.005902108 0.0082967566 -0.9999481631 117.326279
179 0.5833732175 0.8121942701 0.0040195547 -1590.949996 0.8121894345 -0.5833255984 -0.0089201333 -1858.564353 -0.004900172 0.0084684067 -0.9999521361 117.3231355
180 0.5846537174 0.8112604148 0.0060473174 -1590.422663 0.8112822645 -0.584627263 -0.0056613337 -1857.824324 -0.0010573893 0.0082160011 -0.999965689 117.3195477
181 0.5859104762 0.8103397801 0.0076390273 -1589.893893 0.8103690158 -0.5859180804 -0.0014357239 -1857.08965 0.0033124201 0.0070316367 -0.9999697915 117.3166713
182 0.5872262653 0.8093895868 0.0073355342 -1589.364743 0.8094144273 -0.5872373437 -0.0007661617 -1856.355514 0.0036875763 0.0063873975 -0.9999728011 117.3156473
183 0.5884455369 0.8085167335 0.0057045354 -1588.835136 0.8085363719 -0.5884382707 -0.0030556254 -1855.622246 0.0008862427 0.0064103934 -0.9999790605 117.3217979
184 0.5895576885 0.8077180041 0.0036548205 -1588.308727 0.8077242107 -0.5895399235 -0.0049272711 -1854.893925 -0.001825183 0.0058569975 -0.999981182 117.3284994
185 0.5907725855 0.8068282985 0.0039810892 -1587.783022 0.8068379529 -0.5907684488 -0.0022710309 -1854.171729 0.0005195699 0.0045537567 -0.9999894966 117.3286586
186 0.5919733377 0.8059449337 0.0045090274 -1587.25825 0.8059543579 -0.5919774694 -0.0004987584 -1853.453449 0.0022672708 0.0039293219 -0.9999897099 117.3265549
187 0.5931992611 0.8050443294 0.0042736871 -1586.731356 0.8050515124 -0.5932049039 6.59378e-05 -1852.735368 0.002588255 0.003401424 -0.9999908656 117.3280941
188 0.5942596654 0.8042724764 0.0011107784 -1586.203817 0.804273049 -0.5942579945 -0.0015161187 -1852.018592 -0.0005592836 0.0017943373 -0.9999982338 117.3336779
189 0.5954010252 0.8034214025 -0.0034160359 -1585.672697 0.8034222083 -0.5954079042 -0.0014774339 -1851.306881 -0.0032209368 -0.0018648535 -0.9999930739 117.3388313
190 0.5962615416 0.8027802004 -0.0040154517 -1585.144092 0.8027852519 -0.5962680133 -0.0005437347 -1850.600086 -0.0028307849 -0.0028993373 -0.9999917902 117.3408911
191 0.59734862 0.8019741169 -0.00348453 -1584.61976 0.8019816637 -0.5973440104 0.0023546454 -1849.895915 -0.0001930984 -0.0042010733 -0.9999911568 117.3398233
192 0.5982352399 0.8013155686 -0.0028208585 -1584.093104 0.8013127818 -0.5982102617 0.0065045006 -1849.197302 0.0035246911 -0.0061516114 -0.9999748668 117.3368275
193 0.5994089058 0.8004388967 -0.0025566088 -1583.569267 0.8004213957 -0.5993662297 0.0092580762 -1848.499389 0.0058781793 -0.0075957378 -0.9999538748 117.3370491
194 0.6003026052 0.7997727216 0.0006132599 -1583.050277 0.7997294943 -0.6002778002 0.0099648664 -1847.800337 0.0083377547 -0.0054914932 -0.9999501614 117.3407718
195 0.6012009174 0.7990945653 0.0023092453 -1582.532586 0.7990383782 -0.6011888959 0.0104681266 -1847.103598 0.0097533157 -0.0044482717 -0.9999425412 117.3468781
196 0.6017186707 0.798697755 0.0040666429 -1582.013372 0.7986221837 -0.6017208217 0.0116043279 -1846.411712 0.0117153343 -0.0037348295 -0.9999243981 117.3508928
197 0.6024124161 0.7981692692 0.0050098496 -1581.49582 0.7981068467 -0.6024293992 0.0102117736 -1845.718231 0.0111688046 -0.002153304 -0.9999353085 117.3612886
198 0.6030455035 0.7976981955 0.0037026574 -1580.977184 0.7976564284 -0.6030530921 0.0084374307 -1845.026086 0.0089634222 -0.0021347061 -0.9999575491 117.3702725
199 0.6030599719 0.7976956253 -0.0005997638 -1580.456085 0.7976884761 -0.6030509931 0.0047533942 -1844.336798 0.0034300736 -0.0033450064 -0.9999885227 117.3828604
200 0.6026648119 0.797986263 -0.00361229 -1579.938122 0.7979934708 -0.6026508549 0.0042857469 -1843.652304 0.0012430174 -0.0054654527 -0.9999842917 117.3923258
201 0.601812824 0.7986328033 -0.0026401324 -1579.423084 0.7986263976 -0.6017842524 0.0071826603 -1842.969385 0.0041475181 -0.0064310965 -0.9999707191 117.3944483
202 0.6006722493 0.7994908217 -0.0026972011 -1578.907118 0.7994375838 -0.6005848532 0.0140493319 -1842.290167 0.0096124138 -0.0105952878 -0.9998976655 117.3923694
203 0.5991261531 0.8006495304 -0.0028604267 -1578.38724 0.8004895534 -0.5989262512 0.0224459488 -1841.608087 0.0162581538 -0.0157376967 -0.9997439659 117.3945771
204 0.5978536538 0.8015787566 -0.0065196349 -1577.865801 0.8013937093 -0.5974892518 0.0278337326 -1840.922803 0.018415517 -0.0218652931 -0.9995913053 117.4030828
205 0.5961523687 0.8028265658 -0.0084769368 -1577.345244 0.8027216698 -0.5958041824 0.0255987706 -1840.226629 0.0155007787 -0.0220653885 -0.9996363561 117.4156264
206 0.5944428071 0.8039991331 -0.0149379746 -1576.822923 0.8041352628 -0.5942907876 0.0135992241 -1839.51687 0.0020562636 -0.0200961131 -0.9997959382 117.4320167
207 0.5925976203 0.8050749444 -0.0261226773 -1576.292241 0.8053867968 -0.592744086 0.0025605006 -1838.803851 -0.0134226676 -0.022556206 -0.9996554654 117.4475535
208 0.5907809142 0.8062783342 -0.0298857682 -1575.762322 0.8065293974 -0.5911684708 -0.0054927543 -1838.086991 -0.0220962127 -0.0208587362 -0.9995382286 117.4477873
209 0.5900912127 0.8069284744 -0.0256670587 -1575.243627 0.807076216 -0.5904100726 -0.0066277962 -1837.365816 -0.0205022475 -0.0168042683 -0.9996485755 117.4294428
210 0.5898325043 0.8073222673 -0.0181210836 -1574.723937 0.8074227504 -0.5899670249 -0.0027224264 -1836.643994 -0.0128887172 -0.0130255996 -0.9998320933 117.4017268
211 0.5897230965 0.807513821 -0.0121695652 -1574.197621 0.8075853506 -0.5897479022 0.0018202541 -1835.917353 -0.0057070952 -0.0109014085 -0.9999242913 117.3805382
212 0.5895677528 0.8076732178 -0.0085929073 -1573.663558 0.8077189135 -0.5895324402 0.0064543598 -1835.183313 0.0001472159 -0.0107459361 -0.9999422499 117.3666803
213 0.5890051093 0.8081072544 -0.0059704764 -1573.122721 0.8081236034 -0.5889571114 0.008109417 -1834.440972 0.0030369241 -0.009601371 -0.9999492941 117.3589137
214 0.5887443999 0.8082933307 -0.006474811 -1572.578627 0.8083185076 -0.5887140072 0.0060834282 -1833.688852 0.0011053825 -0.0088152938 -0.9999605336 117.3579231
215 0.5883986756 0.8084951768 -0.0110701275 -1572.02527 0.8085309113 -0.5884506507 -0.0018965895 -1832.925207 -0.0080476072 -0.0078345895 -0.9999369256 117.359453
216 0.5885481718 0.8083252321 -0.0148784614 -1571.469502 0.8083136527 -0.588693126 -0.0083332037 -1832.157158 -0.0154947868 -0.0071219717 -0.999854584 117.3584367
217 0.5888668142 0.8080921681 -0.0149306076 -1570.910914 0.8081013153 -0.5890022709 -0.006970587 -1831.389179 -0.0144270385 -0.0079606963 -0.9998642347 117.3474658
218 0.5895534971 0.8077024607 -0.0065885549 -1570.354163 0.8077288868 -0.5895249925 0.0058590678 -1830.624185 0.0008482657 -0.008776 -0.9999611304 117.3265399
219 0.5907213636 0.8068740909 0.0015722662 -1569.78936 0.8067121011 -0.5906397547 0.0189806764 -1829.854299 0.0162436589 -0.0099439249 -0.9998186145 117.3044277
220 0.5926363291 0.8054606573 0.0039129181 -1569.212474 0.8051162832 -0.5925129541 0.0267613483 -1829.06878 0.0238736678 -0.0127093931 -0.9996341927 117.3062038
221 0.5942960049 0.8042417216 0.0027407541 -1568.62537 0.8039671847 -0.5941760256 0.0243231706 -1828.271492 0.021190199 -0.0122516868 -0.9997003909 117.3244558
222 0.5962870703 0.8027696224 0.0016319347 -1568.032564 0.8025758595 -0.596185535 0.0208518012 -1827.463398 0.0177121284 -0.011123908 -0.9997812457 117.3425069
223 0.59812716 0.8013995864 -0.0016135202 -1567.429007 0.8012966348 -0.5980153726 0.0173584874 -1826.650257 0.0129461747 -0.011675491 -0.9998480282 117.3566858
224 0.5999278244 0.8000417247 -0.0044546929 -1566.818385 0.7999851524 -0.5997936927 0.0164706419 -1825.836502 0.010505304 -0.0134448845 -0.9998544262 117.3691575
225 0.6014693212 0.7988813124 -0.0048274532 -1566.204364 0.7988339579 -0.6013364635 0.0160861837 -1825.018875 0.0099480279 -0.0135316796 -0.9998589552 117.3787131
226 0.6027353128 0.7979245258 -0.0051569231 -1565.587148 0.7978607805 -0.6025702411 0.0180908691 -1824.201429 0.0113277397 -0.0150185124 -0.9998230476 117.3846705
227 0.6036716446 0.7972049243 -0.0066973308 -1564.96359 0.7971605245 -0.6034821073 0.0185592128 -1823.383584 0.0107537765 -0.0165425182 -0.9998053317 117.3908685
228 0.6047809861 0.7963320488 -0.0097584297 -1564.335486 0.7963533084 -0.6045857959 0.0172459739 -1822.56151 0.0078337138 -0.0182011948 -0.9998036554 117.4006212
229 0.6056221171 0.79567392 -0.0111742732 -1563.706747 0.7957326126 -0.6054483801 0.0155521113 -1821.734563 0.0056089638 -0.0183104362 -0.9998166169 117.4119019
230 0.6064763339 0.7950522906 -0.008849384 -1563.081119 0.7950541906 -0.6062811949 0.0176620139 -1820.909622 0.0086770095 -0.0177473333 -0.9998048518 117.4176739
231 0.6071738528 0.7945477991 -0.0058058071 -1562.453265 0.7944154275 -0.6068966275 0.0240958951 -1820.086913 0.0156218157 -0.0192426202 -0.999692793 117.4195976
232 0.607389729 0.7943948882 -0.0038050794 -1561.823227 0.7941892018 -0.6071071517 0.0261613866 -1819.260698 0.0184723809 -0.0189121105 -0.9996504905 117.4251531
233 0.6074881955 0.7943160994 -0.0044751051 -1561.192561 0.7941470817 -0.6072191841 0.0248047407 -1818.42893 0.0169854352 -0.0186224788 -0.9996822987 117.4433742
234 0.6071502449 0.7945590745 -0.0066676355 -1560.556572 0.7944627117 -0.6068854207 0.0227834544 -1817.59698 0.0140563097 -0.0191301677 -0.9997181887 117.4610636
235 0.6066200829 0.794945906 -0.0085487691 -1559.919156 0.7949168958 -0.606380122 0.020255281 -1816.762041 0.010918049 -0.0190828213 -0.9997582919 117.4772294
236 0.606166684 0.7952815699 -0.0094432954 -1559.286059 0.7952906962 -0.6059591922 0.0180600626 -1815.9262 0.0086405833 -0.0184575732 -0.9997923076 117.4918273
237 0.6057353642 0.7956102083 -0.0094374235 -1558.651867 0.7956120087 -0.6055131144 0.0188520534 -1815.089902 0.0092844024 -0.0189278829 -0.9997777429 117.498676
238 0.6052418321 0.7959989482 -0.0082461574 -1558.01863 0.795962231 -0.6050026368 0.0203945171 -1814.253327 0.0112450672 -0.0189072447 -0.999758003 117.5065801
239 0.6048810486 0.7962658282 -0.0089245651 -1557.383296 0.7962397141 -0.6046302745 0.0206045835 -1813.413574 0.0110106635 -0.0195694153 -0.9997478699 117.5148419
240 0.6043083484 0.7966912299 -0.0097213302 -1556.746252 0.7966953232 -0.6040778488 0.0191445695 -1812.571365 0.0093798704 -0.0193141615 -0.999769464 117.5274496
241 0.6039009036 0.7969882658 -0.0106490754 -1556.109069 0.7970127177 -0.6036670222 0.0188905856 -1811.728598 0.0086270794 -0.0198954903 -0.9997648438 117.5385773
242 0.6033014988 0.7974496165 -0.0100702829 -1555.474016 0.7974743235 -0.60309932 0.0174903863 -1810.883616 0.0078743211 -0.0185827683 -0.9997963172 117.54639
243 0.602946065 0.7977238386 -0.0096291265 -1554.836599 0.7977354442 -0.6027366712 0.0180739084 -1810.038214 0.0086141599 -0.0185790874 -0.9997902849 117.5549032
244 0.6025128293 0.7980646738 -0.0084301183 -1554.200396 0.7980438221 -0.6022946748 0.019162011 -1809.191709 0.0102151087 -0.0182729613 -0.9997808512 117.5627264
245 0.6019552571 0.7985017208 -0.0066985411 -1553.563276 0.7984287658 -0.6017244558 0.0209567473 -1808.343035 0.0127033228 -0.0179633321 -0.9997579428 117.5707881
246 0.6009956222 0.7992175596 -0.0074534957 -1552.925495 0.7991660967 -0.6007676867 0.0202912945 -1807.492145 0.0117393395 -0.0181515602 -0.9997663271 117.5811859
247 0.5998418205 0.8000705864 -0.0087662462 -1552.287273 0.8000523529 -0.5996151527 0.0194396823 -1806.639508 0.010296744 -0.0186741904 -0.9997726 117.5937223
